1 200 50 10 10 100 4 0 1 2 3
2 300 60 15 15 200 4 0 1 2 3
3 400 70 20 20 300 5 0 1 2 3 4
4 500 80 40 40 400 8 0 1 2 3 4 5 6 7
5 600 90 40 40 500 8 0 1 2 3 4 5 6 7
6 700 110 45 45 600 8 0 1 2 3 4 5 6 7
7 750 120 50 50 700 9 0 1 2 3 4 5 6 7 8
9 800 130 60 60 800 9 0 1 2 3 4 5 6 7 8
10 850 140 70 70 800 12 0 1 2 3 4 5 6 7 8 9 10 11
11 900 150 80 80 900 12 0 1 2 3 4 5 6 7 8 9 10 11
12 950 160 90 90 900 13 0 1 2 3 4 5 6 7 8 9 10 11 12
13 1000 170 100 100 950 13 0 1 2 3 4 5 6 7 8 9 10 11 12
14 1050 180 110 110 1000 16 0 1 2 3 4 5 6 7 8 9 10 11 12 13 14 15
15 1100 190 120 120 1050 16 0 1 2 3 4 5 6 7 8 9 10 11 12 13 14 15
16 1150 200 130 130 1100 16 0 1 2 3 4 5 6 7 8 9 10 11 12 13 14 15
17 1200 210 140 140 1150 17 0 1 2 3 4 5 6 7 8 9 10 11 12 13 14 15 16
18 1250 220 150 150 1200 17 0 1 2 3 4 5 6 7 8 9 10 11 12 13 14 15 16
19 1300 230 160 160 1250 20 0 1 2 3 4 5 6 7 8 9 10 11 12 13 14 15 16 17 18 19
20 1500 240 180 180 1250 21 0 1 2 3 4 5 6 7 8 9 10 11 12 13 14 15 16 17 18 19 20